java
被选出进行测试的第一个数据集
[[[2, 529, 304, 0], [2, 530, 304, 10], [2, 531, 304, 51], [2, 533, 302, 83], [2, 533, 301, 114], [2, 534, 300, 125], [2, 537, 298, 135], [2, 538, 296, 146], [2, 540, 294, 157], [2, 542, 292, 172], [2, 545, 290, 189], [2, 547, 285, 205], [2, 552, 279, 222], [2, 554, 278, 239], [2, 557, 274, 255], [2, 560, 272, 272], [2, 562, 268, 289], [2, 563, 266, 305], [2, 563, 264, 322], [2, 564, 263, 339], [2, 566, 260, 355], [2, 566, 258, 372], [2, 567, 256, 389], [2, 568, 254, 405], [2, 568, 253, 422], [2, 568, 252, 463], [2, 568, 250, 474], [2, 569, 249, 485], [0, 569, 249, 541], [1, 569, 249, 657]], [[2, 569, 249, 657], [3, 17, 0, 847], [3, 86, 0, 1314], [2, 574, 251, 1472], [2, 577, 252, 1472], [4, 17, 0, 1503], [2, 582, 256, 1512], [4, 86, 0, 1514], [2, 587, 259, 1522], [2, 590, 262, 1539], [2, 602, 271, 1555], [2, 607, 276, 1572], [2, 614, 283, 1589], [2, 615, 283, 1608], [2, 615, 284, 1752], [2, 615, 285, 1793], [2, 615, 286, 1815], [2, 615, 288, 1826], [2, 614, 289, 1836], [2, 613, 291, 1847], [2, 613, 292, 1858], [2, 612, 293, 1872], [2, 611, 294, 1889], [0, 611, 294, 1957], [1, 611, 294, 2090]], [[2, 611, 294, 2090], [3, 97, 0, 2889], [3, 98, 0, 2977], [4, 97, 0, 3074], [4, 98, 0, 3124], [3, 99, 0, 3284], [4, 99, 0, 3407], [3, 100, 0, 3566], [4, 100, 0, 3707], [3, 101, 0, 3852], [4, 101, 0, 3972], [3, 102, 0, 4087], [4, 102, 0, 4192], [2, 609, 294, 4989], [2, 599, 307, 5022], [2, 576, 344, 5033], [2, 559, 367, 5043], [2, 555, 373, 5055], [2, 553, 375, 5094], [2, 553, 380, 5105], [2, 551, 391, 5116], [2, 548, 404, 5126], [2, 547, 413, 5139], [2, 547, 417, 5155], [2, 541, 424, 5172], [2, 539, 427, 5189], [2, 538, 430, 5205], [2, 537, 427, 5260], [2, 536, 423, 5271], [2, 536, 418, 5282], [2, 536, 410, 5292], [2, 536, 403, 5305], [2, 536, 395, 5322], [2, 538, 386, 5339], [2, 539, 384, 5355], [2, 541, 377, 5372], [2, 543, 374, 5389], [2, 543, 373, 5405], [2, 543, 372, 5422], [2, 543, 371, 5439], [2, 544, 370, 5455], [0, 544, 370, 5540], [1, 544, 370, 5701]], [[2, 544, 370, 5701], [3, 20, 0, 6518], [4, 20, 0, 6674], [3, 87, 0, 7162], [4, 87, 0, 7352], [2, 544, 370, 8589], [3, 86, 0, 8639], [4, 86, 0, 8771], [3, 85, 0, 8887], [4, 85, 0, 9005], [3, 88, 0, 9230], [4, 88, 0, 9371], [2, 544, 376, 9674], [2, 538, 386, 9674], [2, 529, 393, 9713], [2, 522, 399, 9724], [2, 508, 411, 9735], [2, 499, 425, 9746], [2, 498, 434, 9755], [2, 500, 439, 9772], [2, 507, 445, 9788], [2, 509, 447, 9805], [2, 517, 458, 9822], [2, 533, 469, 9838], [2, 558, 483, 9855], [2, 567, 487, 9872], [2, 576, 488, 9888], [2, 581, 486, 9905], [2, 592, 469, 9922], [2, 602, 454, 9938], [2, 606, 452, 9955], [2, 611, 450, 9972], [2, 613, 448, 9988], [2, 617, 445, 10005], [2, 619, 442, 10022], [2, 621, 438, 10038], [2, 621, 436, 10055], [2, 621, 434, 10072], [2, 621, 432, 10088], [0, 621, 432, 10157], [1, 621, 432, 10289]]]
[0.0, 0.0, 0.0, 0.0, 0.0, 10289.0, 0.0, 0.0, 1.5707967, 0.0]
[[2, 529, 304, 0], [2, 530, 304, 10], [2, 531, 304, 51], [2, 533, 302, 83], [2, 533, 301, 114], [2, 534, 300, 125], [2, 537, 298, 135], [2, 538, 296, 146], [2, 540, 294, 157], [2, 542, 292, 172], [2, 545, 290, 189], [2, 547, 285, 205], [2, 552, 279, 222], [2, 554, 278, 239], [2, 557, 274, 255], [2, 560, 272, 272], [2, 562, 268, 289], [2, 563, 266, 305], [2, 563, 264, 322], [2, 564, 263, 339], [2, 566, 260, 355], [2, 566, 258, 372], [2, 567, 256, 389], [2, 568, 254, 405], [2, 568, 253, 422], [2, 568, 252, 463], [2, 568, 250, 474], [2, 569, 249, 485], [0, 569, 249, 541], [1, 569, 249, 657]]

[0.56728673, 1.3024671, 0.8225094, 0.6656023, 		2367.25, 10289.0,
RatioStrai		  VelocityVar		MoveEfficiency	MoveTime WholeDuation
 0.24600974,			0.1543164, 	0.065113015, 0.05645185]
 MoveEfficiencySYD		AccVar		Theta			Omiga
 
 theta 
 [0.0, 0.0, -0.7853982, 1.5707964, -0.7853982, 0.0, -1.1071488, -0.7853982, -0.7853982, 0.0, -1.1071488, -0.7853982, 0.0, -0.7853982, 0.0, -1.1071488, -1.1071488, 1.5707964, -0.7853982, -0.7853982, 1.5707964, -1.1071488, -1.1071488, 1.5707964, 1.5707964, 1.5707964, -0.7853982, null, null, null, null, null, null]
 27个
 mean:-0.15876654
 curV:
[-1.0, -2.0, -0.0, -1.0, -3.0, -1.0, 
-2.0, -2.0, -3.0, -2.0, -5.0, -2.0, 
-3.0, -3.0, -2.0, -1.0, -0.0, -1.0, 
-2.0, -0.0, -1.0, -1.0, -0.0, -0.0, -0.0, 
-1.0]
size:26 
RBT:0.7692308
VecCur:[[1, 0], [1, 0], [1, 0], [1, 0], [1, 0], [1, 0], [1, 0], [1, 0], [2, -2], [3, -2], [2, -5], [5, -6], [2, -1], [3, -4], [3, -2], [2, -4], [1, -2], [0, -2], [1, -1], [2, -3], [0, -2], [1, -2], [1, -2], [0, -1], [0, -1], [0, -2], [1, -1]]
		[1, 0], [1, 0], [2,-2], 
		[[1, 0], [1, 0], [2, -2], [0, -1], [1, -1], [3, -2], [1, -2], [2, -2], [2, -2], [3, -2], [2, -5], [5, -6], [2, -1], [3, -4], [3, -2], [2, -4], [1, -2], [0, -2], [1, -1], [2, -3], [0, -2], [1, -2], [1, -2], [0, -1], [0, -1], [0, -2], [1, -1]]
python
被选出进行测试的第一个数据集
2150300072_1_1.txt
[  5.67286744e-01   1.30246721e+00   8.22509377e-01   6.65602375e-01
	RationStrai		VelocVar1		 VelocVar2		  MovementEfficiency
   2.36725000e+03   1.02890000e+04	 2.46009763e-01
   MovementTime		WholeDuation	 MovementEfficiencySTD
	1.54316405e-01  6.51130631e-02	5.64518457e-02]
	AccVar			Theta			Omiga
	
mean:-0.260275813695
第二个mean:0.0651130631455
curV:ndarray: [-1.         -0.70710678 -0.70710678 -0.70710678 -0.98058068 -0.86824314
 -0.9486833  -1.         -0.98058068 -0.82404192 -0.95103407 -0.91615733
 -0.89442719 -0.94299033 -0.86824314 -1.         -0.89442719 -0.70710678
 -0.98058068 -0.83205029 -0.89442719 -1.         -0.89442719 -1.         -1.
 -0.70710678]
 size:26
 InnerPr:[ -1.  -2.  -2.  -1.  -5.  -7.  -6.  -8. -10. -16. -40. -16. -10. -17. -14.
 -10.  -4.  -2.  -5.  -6.  -4.  -5.  -2.  -1.  -2.  -2.]
 VecMod:[  1.           2.82842712   2.82842712   1.41421356   5.09901951
   8.06225775   6.32455532   8.          10.19803903  19.41648784
  42.05948169  17.4642492   11.18033989  18.02775638  16.1245155   10.
   4.47213595   2.82842712   5.09901951   7.21110255   4.47213595   5.
   2.23606798   1.           2.           2.82842712]